0
136
295
432
335
294
266
199
269
245
351
258
271
215
420
284
272
256
258
141
282
251
245
227
264
233
351
281
278
529
321
229
280
182
266
245
231
269
334
234
322
328
287
353
347
246
293
279
279
348
267
229
359
301
266
252
385
201
221
341
300
318
299
323
327
329
289
253
311
250
313
293
322
282
329
306
272
245
350
247
258
323
314
319
316
310
289
289
341
319
261
287
324
322
291
328
209
291
340
296
326
306
581
681
603
890
793
840
341
241
242
262
264
187
338
172
327
190
175
259
244
278
256
204
267
287
274
244
163
300
249
243
278
254
236
314
267
204
295
240
260
284
248
230
276
219
245
252
464
188
637
296
251
230
291
272
297
250
796
566
529
629
220
541
586
528
292
576
550
889
450
353
590
264
298
730
773
899
416
520
519
528
485
704
414
610
511
426
790
676
406
424
516
533
499
562
536
455
490
613
391
443
424
851
830
752
620
701
451
600
815
613
816
722
790
858
516
549
632
397
626
532
776
601
680
609
508
562
703
458
676
480
711
504
555
502
561
669
813
664
523
632
625
1276
1689
1053
926
2305
1235
1803
1513
1417
1039
793
586
557
700
583
704
461
434
516
638
496
428
237
443
365
558
363
437
284
438
490
456
297
648
434
315
616
361
470
439
517
477
444
618
363
661
704
378
608
511
432
531
470
403
366
373
334
324
111
5
1
0
30
4
27
