328.398344
570.028563
542.459875
346.402688
239.811281
297.022219
230.998406
238.264609
217.294375
243.531422
250.891844
263.074781
220.142500
252.292016
318.108594
265.211469
293.878406
271.506125
214.203359
215.709016
202.701719
162.942266
220.511141
218.544266
229.938250
248.251781
267.718906
302.532500
273.827063
507.055625
271.486406
202.990969
216.946109
236.570437
232.347234
233.356141
226.155344
233.660812
267.696687
259.853172
229.064000
280.024969
293.799219
296.814813
267.451000
324.011375
261.329000
267.989500
287.715469
269.798594
312.192219
225.658906
211.760531
288.174969
280.214156
276.566688
266.545937
292.509187
261.095750
246.444516
266.673437
262.068344
232.913563
297.660188
292.192281
313.286156
321.898094
237.244828
252.481359
293.433187
273.797250
278.116438
269.847781
298.348219
257.070453
307.950406
216.761063
285.113375
235.761313
298.072906
244.956234
274.200750
304.533500
309.328531
284.933969
270.135312
298.816750
279.474969
254.530188
328.030375
206.949250
287.282188
277.537906
283.626688
281.836344
273.738063
285.141781
263.598937
282.209875
266.017875
308.266719
283.712500
286.983687
576.124375
572.172625
780.701437
857.555875
619.128438
799.464125
299.302344
191.231531
229.949531
247.475453
216.026578
239.387047
239.467641
223.899484
231.745656
215.427266
158.304000
212.201844
214.409250
233.925219
236.575813
231.701156
214.373234
269.854938
224.325672
243.443281
210.113031
267.873875
168.801922
233.459219
240.268547
217.317734
247.135625
276.323719
246.816703
230.604328
222.981672
225.888156
234.578141
283.230937
204.988891
210.967359
236.016609
218.709875
222.275984
223.206844
437.782125
236.231094
489.455375
335.113281
253.904922
175.316719
213.487687
261.723313
274.461125
351.296812
675.249312
499.932781
550.139563
544.024312
233.626438
537.734187
505.156875
537.730937
257.061016
547.461563
588.943562
746.871000
427.999750
392.543437
559.287625
176.901891
248.392031
778.285000
989.471000
617.673125
431.884656
417.831625
511.086187
484.390906
551.296062
570.823688
534.543250
471.770469
494.116031
377.477062
783.305125
623.912063
427.161344
355.784469
497.208469
527.334625
556.891188
511.925750
431.400781
452.984594
544.011687
501.978594
361.895031
399.868344
417.250688
938.429562
743.932250
776.529250
568.547937
535.453375
456.566188
624.653875
775.136125
619.773937
684.378312
692.061500
969.827562
602.461250
545.939875
490.792188
583.353187
392.400500
645.736875
631.449187
562.490188
586.238938
673.830750
542.561375
545.890813
503.132125
680.514000
459.026844
633.162125
726.201875
424.332313
424.087188
527.815438
471.917500
491.391406
764.384625
733.869375
640.266000
464.836656
565.720625
589.020688
1399.509625
1829.357500
739.172375
840.009812
2058.368250
1655.545500
1606.903750
1480.574375
1749.436500
926.031000
491.756500
329.695344
585.054250
776.593313
503.138500
622.115188
544.661562
277.276563
475.038969
610.334750
498.032625
416.279313
317.755281
378.231875
327.853313
476.200906
462.350656
364.348031
291.024656
403.129500
455.215000
461.733563
453.823344
318.409312
408.513937
432.138250
434.864250
492.046406
392.871000
441.024094
445.695500
454.519531
423.033063
548.067875
424.053750
475.608094
771.931938
348.012313
504.298094
503.499750
414.557062
503.300437
504.871531
374.101719
361.201344
321.032281
315.957156
296.986938
