397.588500
224.927875
283.277125
235.595484
227.547703
316.566156
232.533984
241.919938
306.195719
267.449906
266.970844
247.301906
296.969625
276.155125
270.565781
272.135562
277.574187
290.604062
279.955656
263.897281
499.140844
551.656687
245.139641
196.526047
244.964516
233.170203
248.413375
219.471937
231.664016
292.141906
298.225437
408.415313
491.973781
532.030500
365.278969
638.795625
526.210438
552.881500
459.353594
489.355219
579.771438
601.672937
717.687875
553.777187
623.529813
540.161250
552.840563
611.830438
916.576500
1432.022500
1035.030188
566.516625
474.913500
382.567531
398.611812
436.525125
430.299156
513.501781
485.521125
343.773719
